8.937521099184373
6.021610265722174
3.849245949690033
9.051948395997922
2.833089888348251
2.5600777504898415
6.903176148242095
6.624432891682405
5.718190774743331
6.069592490627731
6.577514191602358
4.206585515841312
4.259772073573159
2.364189591504589
2.6048036524245815
4.3839070744157205
3.0462363335021383
5.228629636677476
2.874149052420461
7.024221785729993
4.978524097143904
4.159683226235832
3.4521574100704218
2.585492272459857
2.0991956723754015
9.366515939793949
4.1103559759323804
6.185789798550146
5.56092281483825
3.3038574688946767
5.7206609660888095
2.025503971470447
4.3186230700152395
4.70694871665352
8.888279029026261
9.57219695121484
5.262273998645312
4.042571777246407
8.449241926341433
8.988810076295945
4.8902620566594495
6.4857853679535
7.967581869674612
5.606252450114692
2.255934592563565
3.977294014475768
2.1249708776012017
7.811706142556084
8.802828373681788
7.611696331951996
4.903457614913196
3.5443009345805043
2.83687191445972
9.552169887058078
9.71975137372386
3.6601203181852124
2.7666587397680056
5.862460708628053
6.1773108460156925
3.748812992632404
5.875712853604197
6.092359661396693
6.860310498622456
3.5544014431622895
2.2734716337004146
2.148158576378628
8.601369203773034
6.97318275388298
2.804529109953241
7.924895898021228
5.912739784855586
5.671939255498765
7.078491578744826
8.37250618515814
5.778467036218154
5.689982297427147
3.4156127764909643
4.113310369106792
6.762837846163342
4.9588662774042085
4.386186655296695
9.423586319442446
5.398258134472537
6.493924668911654
3.754488727933853
9.33727978538817
7.073503131855075
9.082091342979824
9.020869594292055
9.825222697131998
3.1511017475900207
6.610780893477872
6.388416507785634
7.448541776484642
2.800427028894652
4.7529164275223375
3.863411880016857
9.5802503997528
5.0408761106559155
9.543506772282
